Waiting clients:(9,2,6) (24,2,7) (4,3,6) (13,3,6) (16,4,5) (23,6,7) (32,6,7) (31,9,6) (42,11,1) (21,13,4) (40,15,3) (19,16,4) (28,16,5) (6,17,6) (37,18,5) (38,18,4) (45,18,2) (22,21,5) (36,21,2) (10,23,1) (25,23,4) (27,23,3) (18,24,4) (2,25,4) (33,25,7) (14,28,4) (11,29,7) (46,29,7) (30,30,6) (48,30,3) (1,31,1) (26,31,1) (3,32,7) (8,32,2) (29,33,1) (34,33,6) (41,33,4) (44,33,1) (7,34,7) (17,34,3) (39,34,3) (15,36,5) (12,37,2) (50,37,2) (5,39,5) (47,39,2) (49,39,2) (20,40,1) (35,40,4) (43,40,3) 
Queues at time 0: 
Queue1:[]
Queue2:[]
Queue3:[]
Queue4:[]
Queue5:[]


Waiting clients:(9,2,6) (24,2,7) (4,3,6) (13,3,6) (16,4,5) (23,6,7) (32,6,7) (31,9,6) (42,11,1) (21,13,4) (40,15,3) (19,16,4) (28,16,5) (6,17,6) (37,18,5) (38,18,4) (45,18,2) (22,21,5) (36,21,2) (10,23,1) (25,23,4) (27,23,3) (18,24,4) (2,25,4) (33,25,7) (14,28,4) (11,29,7) (46,29,7) (30,30,6) (48,30,3) (1,31,1) (26,31,1) (3,32,7) (8,32,2) (29,33,1) (34,33,6) (41,33,4) (44,33,1) (7,34,7) (17,34,3) (39,34,3) (15,36,5) (12,37,2) (50,37,2) (5,39,5) (47,39,2) (49,39,2) (20,40,1) (35,40,4) (43,40,3) 
Queues at time 1: 
Queue1:[]
Queue2:[]
Queue3:[]
Queue4:[]
Queue5:[]


Waiting clients:(4,3,6) (13,3,6) (16,4,5) (23,6,7) (32,6,7) (31,9,6) (42,11,1) (21,13,4) (40,15,3) (19,16,4) (28,16,5) (6,17,6) (37,18,5) (38,18,4) (45,18,2) (22,21,5) (36,21,2) (10,23,1) (25,23,4) (27,23,3) (18,24,4) (2,25,4) (33,25,7) (14,28,4) (11,29,7) (46,29,7) (30,30,6) (48,30,3) (1,31,1) (26,31,1) (3,32,7) (8,32,2) (29,33,1) (34,33,6) (41,33,4) (44,33,1) (7,34,7) (17,34,3) (39,34,3) (15,36,5) (12,37,2) (50,37,2) (5,39,5) (47,39,2) (49,39,2) (20,40,1) (35,40,4) (43,40,3) 
Queues at time 2: 
Queue1:[(9,2,6)]
Queue2:[(24,2,7)]
Queue3:[]
Queue4:[]
Queue5:[]


Waiting clients:(16,4,5) (23,6,7) (32,6,7) (31,9,6) (42,11,1) (21,13,4) (40,15,3) (19,16,4) (28,16,5) (6,17,6) (37,18,5) (38,18,4) (45,18,2) (22,21,5) (36,21,2) (10,23,1) (25,23,4) (27,23,3) (18,24,4) (2,25,4) (33,25,7) (14,28,4) (11,29,7) (46,29,7) (30,30,6) (48,30,3) (1,31,1) (26,31,1) (3,32,7) (8,32,2) (29,33,1) (34,33,6) (41,33,4) (44,33,1) (7,34,7) (17,34,3) (39,34,3) (15,36,5) (12,37,2) (50,37,2) (5,39,5) (47,39,2) (49,39,2) (20,40,1) (35,40,4) (43,40,3) 
Queues at time 3: 
Queue1:[(9,2,5)]
Queue2:[(24,2,6)]
Queue3:[(4,3,6)]
Queue4:[(13,3,6)]
Queue5:[]


Waiting clients:(23,6,7) (32,6,7) (31,9,6) (42,11,1) (21,13,4) (40,15,3) (19,16,4) (28,16,5) (6,17,6) (37,18,5) (38,18,4) (45,18,2) (22,21,5) (36,21,2) (10,23,1) (25,23,4) (27,23,3) (18,24,4) (2,25,4) (33,25,7) (14,28,4) (11,29,7) (46,29,7) (30,30,6) (48,30,3) (1,31,1) (26,31,1) (3,32,7) (8,32,2) (29,33,1) (34,33,6) (41,33,4) (44,33,1) (7,34,7) (17,34,3) (39,34,3) (15,36,5) (12,37,2) (50,37,2) (5,39,5) (47,39,2) (49,39,2) (20,40,1) (35,40,4) (43,40,3) 
Queues at time 4: 
Queue1:[(9,2,4)]
Queue2:[(24,2,5)]
Queue3:[(4,3,5)]
Queue4:[(13,3,5)]
Queue5:[(16,4,5)]


Waiting clients:(23,6,7) (32,6,7) (31,9,6) (42,11,1) (21,13,4) (40,15,3) (19,16,4) (28,16,5) (6,17,6) (37,18,5) (38,18,4) (45,18,2) (22,21,5) (36,21,2) (10,23,1) (25,23,4) (27,23,3) (18,24,4) (2,25,4) (33,25,7) (14,28,4) (11,29,7) (46,29,7) (30,30,6) (48,30,3) (1,31,1) (26,31,1) (3,32,7) (8,32,2) (29,33,1) (34,33,6) (41,33,4) (44,33,1) (7,34,7) (17,34,3) (39,34,3) (15,36,5) (12,37,2) (50,37,2) (5,39,5) (47,39,2) (49,39,2) (20,40,1) (35,40,4) (43,40,3) 
Queues at time 5: 
Queue1:[(9,2,3)]
Queue2:[(24,2,4)]
Queue3:[(4,3,4)]
Queue4:[(13,3,4)]
Queue5:[(16,4,4)]


Waiting clients:(31,9,6) (42,11,1) (21,13,4) (40,15,3) (19,16,4) (28,16,5) (6,17,6) (37,18,5) (38,18,4) (45,18,2) (22,21,5) (36,21,2) (10,23,1) (25,23,4) (27,23,3) (18,24,4) (2,25,4) (33,25,7) (14,28,4) (11,29,7) (46,29,7) (30,30,6) (48,30,3) (1,31,1) (26,31,1) (3,32,7) (8,32,2) (29,33,1) (34,33,6) (41,33,4) (44,33,1) (7,34,7) (17,34,3) (39,34,3) (15,36,5) (12,37,2) (50,37,2) (5,39,5) (47,39,2) (49,39,2) (20,40,1) (35,40,4) (43,40,3) 
Queues at time 6: 
Queue1:[(9,2,2), (23,6,7)]
Queue2:[(24,2,3), (32,6,7)]
Queue3:[(4,3,3)]
Queue4:[(13,3,3)]
Queue5:[(16,4,3)]


Waiting clients:(31,9,6) (42,11,1) (21,13,4) (40,15,3) (19,16,4) (28,16,5) (6,17,6) (37,18,5) (38,18,4) (45,18,2) (22,21,5) (36,21,2) (10,23,1) (25,23,4) (27,23,3) (18,24,4) (2,25,4) (33,25,7) (14,28,4) (11,29,7) (46,29,7) (30,30,6) (48,30,3) (1,31,1) (26,31,1) (3,32,7) (8,32,2) (29,33,1) (34,33,6) (41,33,4) (44,33,1) (7,34,7) (17,34,3) (39,34,3) (15,36,5) (12,37,2) (50,37,2) (5,39,5) (47,39,2) (49,39,2) (20,40,1) (35,40,4) (43,40,3) 
Queues at time 7: 
Queue1:[(9,2,1), (23,6,7)]
Queue2:[(24,2,2), (32,6,7)]
Queue3:[(4,3,2)]
Queue4:[(13,3,2)]
Queue5:[(16,4,2)]


Waiting clients:(31,9,6) (42,11,1) (21,13,4) (40,15,3) (19,16,4) (28,16,5) (6,17,6) (37,18,5) (38,18,4) (45,18,2) (22,21,5) (36,21,2) (10,23,1) (25,23,4) (27,23,3) (18,24,4) (2,25,4) (33,25,7) (14,28,4) (11,29,7) (46,29,7) (30,30,6) (48,30,3) (1,31,1) (26,31,1) (3,32,7) (8,32,2) (29,33,1) (34,33,6) (41,33,4) (44,33,1) (7,34,7) (17,34,3) (39,34,3) (15,36,5) (12,37,2) (50,37,2) (5,39,5) (47,39,2) (49,39,2) (20,40,1) (35,40,4) (43,40,3) 
Queues at time 8: 
Queue1:[(23,6,7)]
Queue2:[(24,2,1), (32,6,7)]
Queue3:[(4,3,1)]
Queue4:[(13,3,1)]
Queue5:[(16,4,1)]


Waiting clients:(42,11,1) (21,13,4) (40,15,3) (19,16,4) (28,16,5) (6,17,6) (37,18,5) (38,18,4) (45,18,2) (22,21,5) (36,21,2) (10,23,1) (25,23,4) (27,23,3) (18,24,4) (2,25,4) (33,25,7) (14,28,4) (11,29,7) (46,29,7) (30,30,6) (48,30,3) (1,31,1) (26,31,1) (3,32,7) (8,32,2) (29,33,1) (34,33,6) (41,33,4) (44,33,1) (7,34,7) (17,34,3) (39,34,3) (15,36,5) (12,37,2) (50,37,2) (5,39,5) (47,39,2) (49,39,2) (20,40,1) (35,40,4) (43,40,3) 
Queues at time 9: 
Queue1:[(23,6,6)]
Queue2:[(32,6,7)]
Queue3:[(31,9,6)]
Queue4:[]
Queue5:[]


Waiting clients:(42,11,1) (21,13,4) (40,15,3) (19,16,4) (28,16,5) (6,17,6) (37,18,5) (38,18,4) (45,18,2) (22,21,5) (36,21,2) (10,23,1) (25,23,4) (27,23,3) (18,24,4) (2,25,4) (33,25,7) (14,28,4) (11,29,7) (46,29,7) (30,30,6) (48,30,3) (1,31,1) (26,31,1) (3,32,7) (8,32,2) (29,33,1) (34,33,6) (41,33,4) (44,33,1) (7,34,7) (17,34,3) (39,34,3) (15,36,5) (12,37,2) (50,37,2) (5,39,5) (47,39,2) (49,39,2) (20,40,1) (35,40,4) (43,40,3) 
Queues at time 10: 
Queue1:[(23,6,5)]
Queue2:[(32,6,6)]
Queue3:[(31,9,5)]
Queue4:[]
Queue5:[]


Waiting clients:(21,13,4) (40,15,3) (19,16,4) (28,16,5) (6,17,6) (37,18,5) (38,18,4) (45,18,2) (22,21,5) (36,21,2) (10,23,1) (25,23,4) (27,23,3) (18,24,4) (2,25,4) (33,25,7) (14,28,4) (11,29,7) (46,29,7) (30,30,6) (48,30,3) (1,31,1) (26,31,1) (3,32,7) (8,32,2) (29,33,1) (34,33,6) (41,33,4) (44,33,1) (7,34,7) (17,34,3) (39,34,3) (15,36,5) (12,37,2) (50,37,2) (5,39,5) (47,39,2) (49,39,2) (20,40,1) (35,40,4) (43,40,3) 
Queues at time 11: 
Queue1:[(23,6,4)]
Queue2:[(32,6,5)]
Queue3:[(31,9,4)]
Queue4:[(42,11,1)]
Queue5:[]


Waiting clients:(21,13,4) (40,15,3) (19,16,4) (28,16,5) (6,17,6) (37,18,5) (38,18,4) (45,18,2) (22,21,5) (36,21,2) (10,23,1) (25,23,4) (27,23,3) (18,24,4) (2,25,4) (33,25,7) (14,28,4) (11,29,7) (46,29,7) (30,30,6) (48,30,3) (1,31,1) (26,31,1) (3,32,7) (8,32,2) (29,33,1) (34,33,6) (41,33,4) (44,33,1) (7,34,7) (17,34,3) (39,34,3) (15,36,5) (12,37,2) (50,37,2) (5,39,5) (47,39,2) (49,39,2) (20,40,1) (35,40,4) (43,40,3) 
Queues at time 12: 
Queue1:[(23,6,3)]
Queue2:[(32,6,4)]
Queue3:[(31,9,4)]
Queue4:[]
Queue5:[]


Waiting clients:(40,15,3) (19,16,4) (28,16,5) (6,17,6) (37,18,5) (38,18,4) (45,18,2) (22,21,5) (36,21,2) (10,23,1) (25,23,4) (27,23,3) (18,24,4) (2,25,4) (33,25,7) (14,28,4) (11,29,7) (46,29,7) (30,30,6) (48,30,3) (1,31,1) (26,31,1) (3,32,7) (8,32,2) (29,33,1) (34,33,6) (41,33,4) (44,33,1) (7,34,7) (17,34,3) (39,34,3) (15,36,5) (12,37,2) (50,37,2) (5,39,5) (47,39,2) (49,39,2) (20,40,1) (35,40,4) (43,40,3) 
Queues at time 13: 
Queue1:[(23,6,2)]
Queue2:[(32,6,3)]
Queue3:[(31,9,3)]
Queue4:[(21,13,4)]
Queue5:[]


Waiting clients:(40,15,3) (19,16,4) (28,16,5) (6,17,6) (37,18,5) (38,18,4) (45,18,2) (22,21,5) (36,21,2) (10,23,1) (25,23,4) (27,23,3) (18,24,4) (2,25,4) (33,25,7) (14,28,4) (11,29,7) (46,29,7) (30,30,6) (48,30,3) (1,31,1) (26,31,1) (3,32,7) (8,32,2) (29,33,1) (34,33,6) (41,33,4) (44,33,1) (7,34,7) (17,34,3) (39,34,3) (15,36,5) (12,37,2) (50,37,2) (5,39,5) (47,39,2) (49,39,2) (20,40,1) (35,40,4) (43,40,3) 
Queues at time 14: 
Queue1:[(23,6,1)]
Queue2:[(32,6,2)]
Queue3:[(31,9,2)]
Queue4:[(21,13,3)]
Queue5:[]


Waiting clients:(19,16,4) (28,16,5) (6,17,6) (37,18,5) (38,18,4) (45,18,2) (22,21,5) (36,21,2) (10,23,1) (25,23,4) (27,23,3) (18,24,4) (2,25,4) (33,25,7) (14,28,4) (11,29,7) (46,29,7) (30,30,6) (48,30,3) (1,31,1) (26,31,1) (3,32,7) (8,32,2) (29,33,1) (34,33,6) (41,33,4) (44,33,1) (7,34,7) (17,34,3) (39,34,3) (15,36,5) (12,37,2) (50,37,2) (5,39,5) (47,39,2) (49,39,2) (20,40,1) (35,40,4) (43,40,3) 
Queues at time 15: 
Queue1:[(40,15,3)]
Queue2:[(32,6,1)]
Queue3:[(31,9,1)]
Queue4:[(21,13,2)]
Queue5:[]


Waiting clients:(6,17,6) (37,18,5) (38,18,4) (45,18,2) (22,21,5) (36,21,2) (10,23,1) (25,23,4) (27,23,3) (18,24,4) (2,25,4) (33,25,7) (14,28,4) (11,29,7) (46,29,7) (30,30,6) (48,30,3) (1,31,1) (26,31,1) (3,32,7) (8,32,2) (29,33,1) (34,33,6) (41,33,4) (44,33,1) (7,34,7) (17,34,3) (39,34,3) (15,36,5) (12,37,2) (50,37,2) (5,39,5) (47,39,2) (49,39,2) (20,40,1) (35,40,4) (43,40,3) 
Queues at time 16: 
Queue1:[(40,15,2)]
Queue2:[(19,16,4)]
Queue3:[(28,16,5)]
Queue4:[(21,13,1)]
Queue5:[]


Waiting clients:(37,18,5) (38,18,4) (45,18,2) (22,21,5) (36,21,2) (10,23,1) (25,23,4) (27,23,3) (18,24,4) (2,25,4) (33,25,7) (14,28,4) (11,29,7) (46,29,7) (30,30,6) (48,30,3) (1,31,1) (26,31,1) (3,32,7) (8,32,2) (29,33,1) (34,33,6) (41,33,4) (44,33,1) (7,34,7) (17,34,3) (39,34,3) (15,36,5) (12,37,2) (50,37,2) (5,39,5) (47,39,2) (49,39,2) (20,40,1) (35,40,4) (43,40,3) 
Queues at time 17: 
Queue1:[(40,15,1)]
Queue2:[(19,16,3)]
Queue3:[(28,16,4)]
Queue4:[(6,17,6)]
Queue5:[]


Waiting clients:(22,21,5) (36,21,2) (10,23,1) (25,23,4) (27,23,3) (18,24,4) (2,25,4) (33,25,7) (14,28,4) (11,29,7) (46,29,7) (30,30,6) (48,30,3) (1,31,1) (26,31,1) (3,32,7) (8,32,2) (29,33,1) (34,33,6) (41,33,4) (44,33,1) (7,34,7) (17,34,3) (39,34,3) (15,36,5) (12,37,2) (50,37,2) (5,39,5) (47,39,2) (49,39,2) (20,40,1) (35,40,4) (43,40,3) 
Queues at time 18: 
Queue1:[(37,18,5)]
Queue2:[(19,16,2), (45,18,2)]
Queue3:[(28,16,3)]
Queue4:[(6,17,5)]
Queue5:[(38,18,4)]


Waiting clients:(22,21,5) (36,21,2) (10,23,1) (25,23,4) (27,23,3) (18,24,4) (2,25,4) (33,25,7) (14,28,4) (11,29,7) (46,29,7) (30,30,6) (48,30,3) (1,31,1) (26,31,1) (3,32,7) (8,32,2) (29,33,1) (34,33,6) (41,33,4) (44,33,1) (7,34,7) (17,34,3) (39,34,3) (15,36,5) (12,37,2) (50,37,2) (5,39,5) (47,39,2) (49,39,2) (20,40,1) (35,40,4) (43,40,3) 
Queues at time 19: 
Queue1:[(37,18,4)]
Queue2:[(19,16,1), (45,18,2)]
Queue3:[(28,16,2)]
Queue4:[(6,17,4)]
Queue5:[(38,18,3)]


Waiting clients:(22,21,5) (36,21,2) (10,23,1) (25,23,4) (27,23,3) (18,24,4) (2,25,4) (33,25,7) (14,28,4) (11,29,7) (46,29,7) (30,30,6) (48,30,3) (1,31,1) (26,31,1) (3,32,7) (8,32,2) (29,33,1) (34,33,6) (41,33,4) (44,33,1) (7,34,7) (17,34,3) (39,34,3) (15,36,5) (12,37,2) (50,37,2) (5,39,5) (47,39,2) (49,39,2) (20,40,1) (35,40,4) (43,40,3) 
Queues at time 20: 
Queue1:[(37,18,3)]
Queue2:[(45,18,2)]
Queue3:[(28,16,1)]
Queue4:[(6,17,3)]
Queue5:[(38,18,2)]


Waiting clients:(10,23,1) (25,23,4) (27,23,3) (18,24,4) (2,25,4) (33,25,7) (14,28,4) (11,29,7) (46,29,7) (30,30,6) (48,30,3) (1,31,1) (26,31,1) (3,32,7) (8,32,2) (29,33,1) (34,33,6) (41,33,4) (44,33,1) (7,34,7) (17,34,3) (39,34,3) (15,36,5) (12,37,2) (50,37,2) (5,39,5) (47,39,2) (49,39,2) (20,40,1) (35,40,4) (43,40,3) 
Queues at time 21: 
Queue1:[(37,18,2)]
Queue2:[(45,18,1), (36,21,2)]
Queue3:[(22,21,5)]
Queue4:[(6,17,2)]
Queue5:[(38,18,1)]


Waiting clients:(10,23,1) (25,23,4) (27,23,3) (18,24,4) (2,25,4) (33,25,7) (14,28,4) (11,29,7) (46,29,7) (30,30,6) (48,30,3) (1,31,1) (26,31,1) (3,32,7) (8,32,2) (29,33,1) (34,33,6) (41,33,4) (44,33,1) (7,34,7) (17,34,3) (39,34,3) (15,36,5) (12,37,2) (50,37,2) (5,39,5) (47,39,2) (49,39,2) (20,40,1) (35,40,4) (43,40,3) 
Queues at time 22: 
Queue1:[(37,18,2)]
Queue2:[(36,21,2)]
Queue3:[(22,21,4)]
Queue4:[(6,17,1)]
Queue5:[]


Waiting clients:(18,24,4) (2,25,4) (33,25,7) (14,28,4) (11,29,7) (46,29,7) (30,30,6) (48,30,3) (1,31,1) (26,31,1) (3,32,7) (8,32,2) (29,33,1) (34,33,6) (41,33,4) (44,33,1) (7,34,7) (17,34,3) (39,34,3) (15,36,5) (12,37,2) (50,37,2) (5,39,5) (47,39,2) (49,39,2) (20,40,1) (35,40,4) (43,40,3) 
Queues at time 23: 
Queue1:[(27,23,3)]
Queue2:[(36,21,1)]
Queue3:[(22,21,3)]
Queue4:[(25,23,4)]
Queue5:[(10,23,1)]


Waiting clients:(2,25,4) (33,25,7) (14,28,4) (11,29,7) (46,29,7) (30,30,6) (48,30,3) (1,31,1) (26,31,1) (3,32,7) (8,32,2) (29,33,1) (34,33,6) (41,33,4) (44,33,1) (7,34,7) (17,34,3) (39,34,3) (15,36,5) (12,37,2) (50,37,2) (5,39,5) (47,39,2) (49,39,2) (20,40,1) (35,40,4) (43,40,3) 
Queues at time 24: 
Queue1:[(27,23,3)]
Queue2:[(18,24,4)]
Queue3:[(22,21,2)]
Queue4:[(25,23,3)]
Queue5:[]


Waiting clients:(14,28,4) (11,29,7) (46,29,7) (30,30,6) (48,30,3) (1,31,1) (26,31,1) (3,32,7) (8,32,2) (29,33,1) (34,33,6) (41,33,4) (44,33,1) (7,34,7) (17,34,3) (39,34,3) (15,36,5) (12,37,2) (50,37,2) (5,39,5) (47,39,2) (49,39,2) (20,40,1) (35,40,4) (43,40,3) 
Queues at time 25: 
Queue1:[(27,23,1)]
Queue2:[(18,24,3)]
Queue3:[(22,21,1), (33,25,7)]
Queue4:[(25,23,2)]
Queue5:[(2,25,4)]


Waiting clients:(14,28,4) (11,29,7) (46,29,7) (30,30,6) (48,30,3) (1,31,1) (26,31,1) (3,32,7) (8,32,2) (29,33,1) (34,33,6) (41,33,4) (44,33,1) (7,34,7) (17,34,3) (39,34,3) (15,36,5) (12,37,2) (50,37,2) (5,39,5) (47,39,2) (49,39,2) (20,40,1) (35,40,4) (43,40,3) 
Queues at time 26: 
Queue1:[]
Queue2:[(18,24,2)]
Queue3:[(33,25,7)]
Queue4:[(25,23,1)]
Queue5:[(2,25,3)]


Waiting clients:(14,28,4) (11,29,7) (46,29,7) (30,30,6) (48,30,3) (1,31,1) (26,31,1) (3,32,7) (8,32,2) (29,33,1) (34,33,6) (41,33,4) (44,33,1) (7,34,7) (17,34,3) (39,34,3) (15,36,5) (12,37,2) (50,37,2) (5,39,5) (47,39,2) (49,39,2) (20,40,1) (35,40,4) (43,40,3) 
Queues at time 27: 
Queue1:[]
Queue2:[(18,24,1)]
Queue3:[(33,25,6)]
Queue4:[]
Queue5:[(2,25,2)]


Waiting clients:(11,29,7) (46,29,7) (30,30,6) (48,30,3) (1,31,1) (26,31,1) (3,32,7) (8,32,2) (29,33,1) (34,33,6) (41,33,4) (44,33,1) (7,34,7) (17,34,3) (39,34,3) (15,36,5) (12,37,2) (50,37,2) (5,39,5) (47,39,2) (49,39,2) (20,40,1) (35,40,4) (43,40,3) 
Queues at time 28: 
Queue1:[(14,28,4)]
Queue2:[]
Queue3:[(33,25,5)]
Queue4:[]
Queue5:[(2,25,1)]


Waiting clients:(30,30,6) (48,30,3) (1,31,1) (26,31,1) (3,32,7) (8,32,2) (29,33,1) (34,33,6) (41,33,4) (44,33,1) (7,34,7) (17,34,3) (39,34,3) (15,36,5) (12,37,2) (50,37,2) (5,39,5) (47,39,2) (49,39,2) (20,40,1) (35,40,4) (43,40,3) 
Queues at time 29: 
Queue1:[(14,28,3)]
Queue2:[(11,29,7)]
Queue3:[(33,25,4)]
Queue4:[(46,29,7)]
Queue5:[]


Waiting clients:(1,31,1) (26,31,1) (3,32,7) (8,32,2) (29,33,1) (34,33,6) (41,33,4) (44,33,1) (7,34,7) (17,34,3) (39,34,3) (15,36,5) (12,37,2) (50,37,2) (5,39,5) (47,39,2) (49,39,2) (20,40,1) (35,40,4) (43,40,3) 
Queues at time 30: 
Queue1:[(14,28,2), (48,30,3)]
Queue2:[(11,29,6)]
Queue3:[(33,25,3)]
Queue4:[(46,29,6)]
Queue5:[(30,30,6)]


Waiting clients:(3,32,7) (8,32,2) (29,33,1) (34,33,6) (41,33,4) (44,33,1) (7,34,7) (17,34,3) (39,34,3) (15,36,5) (12,37,2) (50,37,2) (5,39,5) (47,39,2) (49,39,2) (20,40,1) (35,40,4) (43,40,3) 
Queues at time 31: 
Queue1:[(14,28,1), (48,30,3)]
Queue2:[(11,29,5)]
Queue3:[(33,25,2), (1,31,1), (26,31,1)]
Queue4:[(46,29,5)]
Queue5:[(30,30,5)]


Waiting clients:(29,33,1) (34,33,6) (41,33,4) (44,33,1) (7,34,7) (17,34,3) (39,34,3) (15,36,5) (12,37,2) (50,37,2) (5,39,5) (47,39,2) (49,39,2) (20,40,1) (35,40,4) (43,40,3) 
Queues at time 32: 
Queue1:[(48,30,3), (8,32,2)]
Queue2:[(11,29,4)]
Queue3:[(33,25,1), (1,31,1), (26,31,1), (3,32,7)]
Queue4:[(46,29,4)]
Queue5:[(30,30,4)]


Waiting clients:(7,34,7) (17,34,3) (39,34,3) (15,36,5) (12,37,2) (50,37,2) (5,39,5) (47,39,2) (49,39,2) (20,40,1) (35,40,4) (43,40,3) 
Queues at time 33: 
Queue1:[(48,30,2), (8,32,2), (41,33,4)]
Queue2:[(11,29,3), (29,33,1), (44,33,1)]
Queue3:[(1,31,1), (26,31,1), (3,32,7)]
Queue4:[(46,29,3), (34,33,6)]
Queue5:[(30,30,4)]


Waiting clients:(15,36,5) (12,37,2) (50,37,2) (5,39,5) (47,39,2) (49,39,2) (20,40,1) (35,40,4) (43,40,3) 
Queues at time 34: 
Queue1:[(48,30,1), (8,32,2), (41,33,4), (39,34,3)]
Queue2:[(11,29,2), (29,33,1), (44,33,1), (17,34,3)]
Queue3:[(26,31,1), (3,32,7)]
Queue4:[(46,29,2), (34,33,6)]
Queue5:[(30,30,2), (7,34,7)]


Waiting clients:(15,36,5) (12,37,2) (50,37,2) (5,39,5) (47,39,2) (49,39,2) (20,40,1) (35,40,4) (43,40,3) 
Queues at time 35: 
Queue1:[(8,32,2), (41,33,4), (39,34,3)]
Queue2:[(11,29,1), (29,33,1), (44,33,1), (17,34,3)]
Queue3:[(3,32,7)]
Queue4:[(46,29,1), (34,33,6)]
Queue5:[(30,30,1), (7,34,7)]


Waiting clients:(12,37,2) (50,37,2) (5,39,5) (47,39,2) (49,39,2) (20,40,1) (35,40,4) (43,40,3) 
Queues at time 36: 
Queue1:[(8,32,1), (41,33,4), (39,34,3)]
Queue2:[(29,33,1), (44,33,1), (17,34,3), (15,36,5)]
Queue3:[(3,32,6)]
Queue4:[(34,33,6)]
Queue5:[(7,34,7)]


Waiting clients:(5,39,5) (47,39,2) (49,39,2) (20,40,1) (35,40,4) (43,40,3) 
Queues at time 37: 
Queue1:[(41,33,4), (39,34,3)]
Queue2:[(44,33,1), (17,34,3), (15,36,5)]
Queue3:[(3,32,5), (12,37,2)]
Queue4:[(34,33,5), (50,37,2)]
Queue5:[(7,34,6)]


Waiting clients:(5,39,5) (47,39,2) (49,39,2) (20,40,1) (35,40,4) (43,40,3) 
Queues at time 38: 
Queue1:[(41,33,3), (39,34,3)]
Queue2:[(17,34,3), (15,36,5)]
Queue3:[(3,32,4), (12,37,2)]
Queue4:[(34,33,4), (50,37,2)]
Queue5:[(7,34,5)]


Waiting clients:(20,40,1) (35,40,4) (43,40,3) 
Queues at time 39: 
Queue1:[(41,33,2), (39,34,3), (47,39,2)]
Queue2:[(17,34,2), (15,36,5)]
Queue3:[(3,32,3), (12,37,2), (49,39,2)]
Queue4:[(34,33,3), (50,37,2)]
Queue5:[(7,34,4), (5,39,5)]


Waiting clients:
Queues at time 40: 
Queue1:[(41,33,1), (39,34,3), (47,39,2)]
Queue2:[(17,34,1), (15,36,5), (43,40,3)]
Queue3:[(3,32,2), (12,37,2), (49,39,2)]
Queue4:[(34,33,2), (50,37,2), (20,40,1), (35,40,4)]
Queue5:[(7,34,3), (5,39,5)]


Waiting clients:
Queues at time 41: 
Queue1:[(39,34,3), (47,39,2)]
Queue2:[(15,36,5), (43,40,3)]
Queue3:[(3,32,1), (12,37,2), (49,39,2)]
Queue4:[(34,33,1), (50,37,2), (20,40,1), (35,40,4)]
Queue5:[(7,34,2), (5,39,5)]


Waiting clients:
Queues at time 42: 
Queue1:[(39,34,2), (47,39,2)]
Queue2:[(15,36,4), (43,40,3)]
Queue3:[(12,37,2), (49,39,2)]
Queue4:[(50,37,2), (20,40,1), (35,40,4)]
Queue5:[(7,34,1), (5,39,5)]


Waiting clients:
Queues at time 43: 
Queue1:[(39,34,1), (47,39,2)]
Queue2:[(15,36,3), (43,40,3)]
Queue3:[(12,37,1), (49,39,2)]
Queue4:[(50,37,1), (20,40,1), (35,40,4)]
Queue5:[(5,39,5)]


Waiting clients:
Queues at time 44: 
Queue1:[(47,39,2)]
Queue2:[(15,36,2), (43,40,3)]
Queue3:[(49,39,2)]
Queue4:[(20,40,1), (35,40,4)]
Queue5:[(5,39,4)]


Waiting clients:
Queues at time 45: 
Queue1:[(47,39,1)]
Queue2:[(15,36,1), (43,40,3)]
Queue3:[(49,39,1)]
Queue4:[(35,40,4)]
Queue5:[(5,39,3)]


Waiting clients:
Queues at time 46: 
Queue1:[]
Queue2:[(43,40,3)]
Queue3:[]
Queue4:[(35,40,3)]
Queue5:[(5,39,2)]


Waiting clients:
Queues at time 47: 
Queue1:[]
Queue2:[(43,40,2)]
Queue3:[]
Queue4:[(35,40,2)]
Queue5:[(5,39,1)]


Waiting clients:
Queues at time 48: 
Queue1:[]
Queue2:[(43,40,2)]
Queue3:[]
Queue4:[(35,40,2)]
Queue5:[]


Waiting clients:
Queues at time 49: 
Queue1:[]
Queue2:[]
Queue3:[]
Queue4:[]
Queue5:[]


