Waiting clients:(1,1,2) (6,1,3) (7,1,3) (8,1,2) (9,1,3) (10,1,2) (12,1,2) (13,1,2) (16,1,3) (17,1,3) (19,1,2) (20,1,3) (22,1,2) (25,1,3) (30,1,3) (31,1,3) (32,1,2) (2,2,2) (4,2,3) (23,2,3) (24,2,2) (26,2,2) (33,2,2) (34,2,2) (3,3,2) (5,3,2) (11,3,3) (14,3,3) (15,3,2) (18,3,2) (21,3,3) (27,3,3) (28,3,2) (29,3,2) 
Queues at time 0: 
Queue1:[]
Queue2:[]


Waiting clients:(2,2,2) (4,2,3) (23,2,3) (24,2,2) (26,2,2) (33,2,2) (34,2,2) (3,3,2) (5,3,2) (11,3,3) (14,3,3) (15,3,2) (18,3,2) (21,3,3) (27,3,3) (28,3,2) (29,3,2) 
Queues at time 1: 
Queue1:[(1,1,2), (7,1,3), (9,1,3), (13,1,2), (17,1,3), (20,1,3), (25,1,3), (31,1,3)]
Queue2:[(6,1,3), (8,1,2), (10,1,2), (12,1,2), (16,1,3), (19,1,2), (22,1,2), (30,1,3), (32,1,2)]


Waiting clients:(3,3,2) (5,3,2) (11,3,3) (14,3,3) (15,3,2) (18,3,2) (21,3,3) (27,3,3) (28,3,2) (29,3,2) 
Queues at time 2: 
Queue1:[(1,1,1), (7,1,3), (9,1,3), (13,1,2), (17,1,3), (20,1,3), (25,1,3), (31,1,3), (4,2,3), (24,2,2), (33,2,2)]
Queue2:[(6,1,2), (8,1,2), (10,1,2), (12,1,2), (16,1,3), (19,1,2), (22,1,2), (30,1,3), (32,1,2), (2,2,2), (23,2,3), (26,2,2), (34,2,2)]


Waiting clients:
Queues at time 3: 
Queue1:[(7,1,3), (9,1,3), (13,1,2), (17,1,3), (20,1,3), (25,1,3), (31,1,3), (4,2,3), (24,2,2), (33,2,2), (3,3,2), (11,3,3), (15,3,2), (21,3,3), (28,3,2)]
Queue2:[(6,1,1), (8,1,2), (10,1,2), (12,1,2), (16,1,3), (19,1,2), (22,1,2), (30,1,3), (32,1,2), (2,2,2), (23,2,3), (26,2,2), (34,2,2), (5,3,2), (14,3,3), (18,3,2), (27,3,3), (29,3,2)]


Waiting clients:
Queues at time 4: 
Queue1:[(7,1,2), (9,1,3), (13,1,2), (17,1,3), (20,1,3), (25,1,3), (31,1,3), (4,2,3), (24,2,2), (33,2,2), (3,3,2), (11,3,3), (15,3,2), (21,3,3), (28,3,2)]
Queue2:[(8,1,2), (10,1,2), (12,1,2), (16,1,3), (19,1,2), (22,1,2), (30,1,3), (32,1,2), (2,2,2), (23,2,3), (26,2,2), (34,2,2), (5,3,2), (14,3,3), (18,3,2), (27,3,3), (29,3,2)]


Waiting clients:
Queues at time 5: 
Queue1:[(7,1,1), (9,1,3), (13,1,2), (17,1,3), (20,1,3), (25,1,3), (31,1,3), (4,2,3), (24,2,2), (33,2,2), (3,3,2), (11,3,3), (15,3,2), (21,3,3), (28,3,2)]
Queue2:[(8,1,1), (10,1,2), (12,1,2), (16,1,3), (19,1,2), (22,1,2), (30,1,3), (32,1,2), (2,2,2), (23,2,3), (26,2,2), (34,2,2), (5,3,2), (14,3,3), (18,3,2), (27,3,3), (29,3,2)]


Waiting clients:
Queues at time 6: 
Queue1:[(9,1,3), (13,1,2), (17,1,3), (20,1,3), (25,1,3), (31,1,3), (4,2,3), (24,2,2), (33,2,2), (3,3,2), (11,3,3), (15,3,2), (21,3,3), (28,3,2)]
Queue2:[(10,1,2), (12,1,2), (16,1,3), (19,1,2), (22,1,2), (30,1,3), (32,1,2), (2,2,2), (23,2,3), (26,2,2), (34,2,2), (5,3,2), (14,3,3), (18,3,2), (27,3,3), (29,3,2)]


